position: 
  x: -0.7
  y: 1.3
  z: 0.0
orientation: 
  x: 0.0
  y: 0.0
  z: 0.29552020666133955
  w: 0.955336489125606